piece_value_mult: 15.768575
piece_pos_value_mult: 14.918061
pawn_same_color_bonus_mult: 10.225163
pawn_self_protection_mult: 10.497873
passed_pawn_mult: 10.685966
king_pos_mult: 13.680205
king_safety_mult: 12.822161
